$ANSIBLE_VAULT;1.1;AES256
62663635396334353139663162393034623361613365326232363831396161383766303335623130
3338643962333539306665353634303436333663313335630a366136386164323330346535303065
61663763623637373639343339383364323364376536643464393865633337333437333930383333
3333356535633763630a643838613633353035313137383464343564323033646233356163626432
32396162616535666437633631653363373036353232663662653337386163396363626638373839
35636237366165333361333631643837393732303563626464333538663337373139656233653238
30643164373538386666383263626230353239313639643862333131663732303537356430306462
34396434613731316431356565623532373162313134356235666364343935326233343231376439
62316135353331666538633164356164383463636637343963336633663561396431613535623061
32326538393030346232626235353034663765336162633134363362666335633938393530336131
65333632373131393331393031663332333063393066313630316364636331613538303462666330
64663835356630643833656539623866333132343365653833666137653135386138366332333934
30313435303036336330636430366663346464613534656332353539393533643631393239613431
34636366323762636462343736313963636137656136306439653965646533623736663431376139
31323733316236343937316465353362636638336637396233353938353663613866366163653338
35646634323564386564646364343633306634613864306262353736396636336661646265313132
32643865343632613961666533656664303164666539326632363637363132363564383634633364
37306538323762616236306533653662653666653465646232363034633866626132656163303162
36386336613066306331393831383831356437323762386166353238623765366261663738326664
33383665346632646661653162353530303336366137633437623866356461313862656362376465
63346434306230643631306536623066303238353037316231613861653339336362306134633932
61393334313434356438303930326434366131396363396237613530346165666461643161656430
35323033306333303535623337313638643463306666656163623133316634663765613436663336
61316566333934383266343534636530346536626334636239666230386433326130613066306537
31653962613266653730353866336236643436366533373634383562663937313261356363383130
35366238343234303231323839326461663566363439393865346264643633623639383032383136
31626234363738633436313339623566623733376237656434363431396666666365643939336339
34613562363565616238323531633039396535376634333765656530313633396537336236386137
39373130313436613263353461373065353861363662353337616432303364636332
