$ANSIBLE_VAULT;1.1;AES256
61313866663337393934353762626262323965653736346232303961303737313863336162333066
3162643637356563386236626333626536623166633535650a306161366339326438626138663837
64323236626233376365353931636435353763323033383438303265346137393433393836376361
6461623036636264390a386139326632313130653364386637313135616665363962636564376561
33356138633363633137613234613135333837363637373737363231373138303934633535393530
63376637356638623936646536373637303038306535326265363361323933316135623364393766
33303061613762343331653361306161633335316563386334643132633266633432656539626163
61653138363862636665303134366238646537383037373665306538623336383338303165356237
64666465393265623036386530653033353330323163316430303736356631356565376362653635
37653366373531613736333038383834663139646234663230653866306662343961343136353763
34646636643039643333643165613935623366323631633732646432643831383162383132633739
35303664666161303739613466353339376236623530636366363135616663383833653030383262
38316538343138396335346439376339383130396636306261623562343433303734303961623965
33346533653761303662646639336465336164613730616234316438336461343664303637626634
61363331376532373739616336313832616332313836313938326335613632303137306234353533
36623866623530323031353630653636643137613861333361333537306334653838306138396437
30336332353331323237636432363963396663663134323332663034333164366562643261616361
35353763616265336661313830373462303130626632363132376162333665653430376539396238
62373137383633313866623730613032333334393261386265376331303630623139613736666137
63396637653838383332346461333535306136623466333837373438326165653632386331346136
62336261396430626437383435633932643738366236633234383536616562616564353061316430
32636266633537643439316666633938616466366138646530396233643366663931633966656430
64353461616637663334336239373939383733343637333366633338653664393530316234613562
36643738623863613266316339353531343838373631373061383461383966376434393331336263
63373638373564316364336562366265313738343766396532316364383938396266663939643239
6561636531393133646465366239633862633864353038633165
