$ANSIBLE_VAULT;1.1;AES256
64393033666431373065666462333063353262313134333935616662383464323438663532333538
3661313666356135663733636537396261386165303134390a656664626631316561333964303035
39306261346464306636653937663063646335646431666139306561626631663234653562653163
3735623734323561310a376537643038623338343737393466636639663738333364303864313565
64306533663636363133623134616262306435623936393861386361396638633366643736316566
34383838636333373433356234336238316635303139326432366266616438316338636262333638
36636138303164396231346261323431396130643330643537666162356135373561363838646431
66363139626636653938616433383064376539366566356266326565363764666465333965623266
30346132663038623432356164633163393033613235643863643661373932633066363064663163
66656663646663613061343330316237623333396361373833653566363233656537616132333032
32396435313762613366376632333166396362376630656439663331613034656331396338376561
35323763623436346234363338383463653562363761333232306463366633393864323966623663
30663535363462356265643762373864333430666366333036353833393233666366656663636431
64636263306233323739336261353130613937613232616435623962316130366535643139353831
31646337313038313933373433333838383334633166643162346630346233616635656634313730
33633030643436396664373537613439313364346439663837363037646163383236386233666236
64613037333461666264656663323434326562666166313232646266373332313530393235636632
36643836376134663632336138663830343537653230313361623366633365646566313262666464
62656337616562323831613661363737653664396232336535346435303762616664666366323534
61306564323461663563393365353736616161623039333763303031646366316431343332333361
30666130306362656563643833336435656438613065633534383934616236353634376631663238
66306139633933663263336533363063643365313163613938396237356531333161643736643766
61663932643565343535636231396335633232636639623736373865353762353332303866646336
36656165343665616535656137353830393439633038613332666333313666393036333263633932
39303765303638643262343134613461666532323039306561666666613136366338316632643437
39326561396133643566653966356433656563343162353731653333313233306161396434393534
31366565646136333631393163653764653038383366386431663135313761366462356265373336
63616532363763373539396362653565363632333637343735303463363739373832383462346232
39613236656664313434313532356263663566623833316430336432386132303436616631353163
66623539366332666538626333666663643437396161383761626335613333353764373135393436
64346231633734623764363032343136656565353734643034373962356261633631356535336436
32346362366463366433323162356130613130326637623134353939663831306434393761646161
32663935616464396438386261396238326463653339393231313335303663656362356237633862
66393165663630663033386361323033353937653733316635653961666233343366336239633263
64393132663337616439326364616262643235616132356166656334373438356463393062303739
61343135323163643239346162656239633136363639363433626333343564323762656662653730
39616534383733326139656231646632313238333737383330623036366638323864336637643539
62396537383066353732333930323263333533323064666539336434336436383131333362396264
66393834316462613834303737623432633732626433393937353963626235393262626438356335
63366465356635666535313363396332353638346435623338346137656163306332636562316562
36306164333731313038333931623739353831383933376463316435653036316631646631383034
35623635393635623735643738376538356334383261343834656435656239643732623563323161
37393935353330343437646137663531623465363433393734613265653361393536363566666166
31313266366662633832636666626635356363613634376561393332643231343438613938393764
32346233306131373834323235616333326165353363613338343365346661306634343462323965
33386430656232613934656166346461363633306264356362656463376433643062316439366631
30376637353161303166313332633664623733326536326236316331393335386335306264333233
30626164633437346633646536393930353065333161656566373663626634393839383166666633
36316533316235323138343862333265663131666135373761666232383037363436376462623366
61656333333862616636376666303332636431386435653131333436663563643835666330626633
33356233363566333535623435633063363465623864363162616462336138653666396165326338
66353537663466613834643139386262353564313833646437623730303164663738636564666633
38316365343038366239663463666365366536393861613761636634393832653563666466616436
34656231633064363531303338623132373561373337343861643933336431643566306338646365
39373863306130313936643335313663646536316131323562353435643034396230663965386664
31636235386535623066303932623766303061326661303438363935656132666363663262343930
38316333353466333331646332316331353030643763626361313661343236393835373332366439
61383835666165313861623036363531636139613932373038633838393232346631643335363930
34633332376633393031363130333338303231326535333039343561333332393936393063356561
39623039623463396233623536303639396333353930393062376639383639303366313461663732
38366433303932356362363931366130363732393932306165303036646530363531313431306162
63613032613434643033303334616535363363643961616634643263386536633362356365366565
61386335373865313234653433646365346435626661613461386565666134663662306437633931
34356334616536353934616536356238326530653862383065393635333266343231386537353665
62373433633166656466623066333036613061393738343238393536626163623038303030306265
66626537633232653565346431633632366132666164303934333734353536616139303039623431
64316133336366383931393666396230616466666233373065393238383534663234363231633462
64393739653436616461333031613939316663353438613362653132363435613538336531623362
63313030313833303264393238343032373663613134653763376564653335313932653332316232
30626530383832333235623434656534666433396566396137393265336162656430623464626233
31663264636265346365313533643838656237633530323638623965613539643465643236616263
39356634336333353038663765323632666466653136353934373764323763376133393566613133
38646261366638623031373631666331313866636364376232396538303938306461333530323566
65333564646337316565383263336432373563353632653038303565646363383833303463666462
66663331386132323563653833393465353562663539316162363939633865623130396336633264
37346462323639363665323164396433323031303231623664343435643761663737333433316164
62353439653537333566303338383131393535393039346436333238323865316133633535396665
31333230366239386638643966393966643562363366643066383664643232636234353033663562
37663239663061336661356230653164306532316133333130323630356235353931353636383837
65326631333736353565343639646339316563363537303663363235636235356562306461623265
62366563396361386537363933613133633233663631313864653936626561376661646432646466
63613666323438626165656164366536646539643161396433613335663534346331376330313262
66623064613236333936303932366366363134613232316630326363306238393263343864303761
36323834633062343634616265303438646165303161353735343566643339636130636564356664
38653661363333613731363930646233343631393335613432646634323136383530653535616336
65373662666236316662363234393536383833336531386363656233343961383031346137313865
63333836393864613763343664383831343732383162313534386539353562346633623634306231
65666532633763643833353234643536363930363464626239396238346234616261613438336661
37626233333565326563383232313466636361633664663863366633353036383364393831623231
38386461333861383761613134643735303130656666306661356561363134313863343530323339
39656563656366636431666565386637656337356665666338343336633236333736666466636663
30623465326364616230623338376163383533623137623638323736616364363531313566626133
66646366396539323730333735633633613534666633316665373833626465343863333238353435
66386634313632656432313434646265653635373435643165336561303037666462366430613938
66613531336463366564626361376536373139646266343263303735646630316263373538666431
64383061356239373130633232386161376666373737396238373531376362653564373434373830
36393839646237656134613564393634323261333333313435323162396135386632323963336663
34376164626236346537386364303765333831653261363138376464623133313164386161373264
64356137363239653237643837666664396562373436313965366137363866323337313832306132
61643337393930666338666138646365343239343365386532393564613937303037623633393731
62366634623464643766366563366261303164656463353765396339383232303739616465636534
61643064663038613739623561653765326534353362383331633639316133656530633062383861
38316631336331323166363163653331366139613233616633393138626661343533643238663230
65346637386233396537343233386234636433663530623763393634326339383634653338626631
62646333306561356635313339346631363531666432663738353963653733653663396336616664
32633139613361336331373161663966613962343632653634323665343161653461353230323331
37636365643264333234613635393733616361383365343832363537623061316263326561366439
32316561386565333763363866373031613537666131306432366638316536323065346437323764
64633532396364363262353834636635306436616166653631633732666132613734666136333263
64613962313661666538613762623039373533303030373831333037623766636161336264316361
30663734666339393131616565306434663839386330386536396131316536363863613031663837
62306337663362373961663935333361356163323865633164356161653336626639376164653532
35383132313464316636373633356337393731656335323132306166623161626230633835653634
33613539333464653634636266313333323432303862323634336134393333656366336432636464
35393534643864623137646366626337313232386130313438613164653333326233623030313462
38393237303630386334396339386366303632323839663038306132336430353564316531323764
61623031646436306639396430613562363930333136356438306266636665356563363236633330
37353430316666613032663434643166656161383239633266383634643166663536393034306132
65313338313935656632613830356561343464643863653963323630653366303532346163313966
61346466313964316332303733646438303438366334333861656530373731376462333433303730
65383163373638353934626562313239656432303037643734643665376330626664623832396434
33363461353830373962323537393161656365613232373537663336656139663733373562383630
37396566343263323339323132656164626534396433333932663830316330386232613535306634
63303363636335346662353733323339656632663362316164633661626636613933633037333463
33613766396334363264386137386331633730326462306165326135333863663135383861363033
35336161386137343135326131616537346462396361356265353330313730316264373531316465
62313834653535366564613835626537613130396231303835393430353738353239636531373431
36303065303764396264346163353838373132393335646533616464316434383463323163366132
38343432313963643263373238323334663336626636663831326566356430646331396230323064
31626232653631653335356364313662616162356364393662623032636134643136396261376237
32653430336338643163336566663933626165376562613938363565386130663065386235323665
31663537636166633834356232333138386332663933323263333164373134303432336666373563
39613230643939336363363235373463353836333130623235613831313962373534376437366435
3666666232643661383864346462326265393737353434386364
