$ANSIBLE_VAULT;1.1;AES256
39656531366466653235623332626438323537643337633662353439613631316566396531303434
3035333330303233323635363863313463353434346631630a356464656434306234336261613236
36363633313561613966653531323337326233376561663632616439646464383334653731333731
3439333366613562630a376331633730376263663162346565323738353139616337323939346633
61303533353838656539316230303231393134636661666664316235373864323635353134373762
34666162353533383337303066653433373663396664663164383162383462333736343730333231
32343933626536663962366264383166653061666161366339343335343038616565336465616164
34666130393934626139306439353438303466396434336234386133373538366436343033386138
39306334643037616164646237303239316138333166333738316138343331303133383133653761
65346662623438366633303933616534353531633337386466623833373462363430666136643332
36363466323837356537383261363737326437663338393463356139396230326638636133363634
66633432613736366332623264626438613065316364336465626663626332633766363133666235
35633536373037626166336261363861616539633965613863323364303061386365666537346366
66336230383231363663323933383863666466366266386330363063616265363232336336333838
63363635643238313730353661366431633363316538326434396637616539633930666165653532
35643866333062363462333464656534323437306164386438646266326230316639333238633939
36353930383666303932373933303530366666623833336234316461623939363264636161376532
63633664386237336638653537623433663937313938343439336332653964396531643439623333
65323762666236333738663134323430306638323533363635363131366535326235376264653363
62393134313830326136656332383262613239326134323161303162353862396638636664663833
64343833363032333631306234656465343632383537316434383736623061313661356464636333
37336261313263386466663262326337366330663036313738313530396435323136363233376534
37636130373430646364643934313138353738333337353237346131346231643436646239366630
64636637656130666538313339633830353237373366626132656566646439663261353739316433
30656437633036376139386638386361653730333537626466383235616361653433333631396465
3835393535306266333831343835396165653366303333636436
